u1 = [0.5886; 0.8084];
s1 = 8.2809;
v1 = [0.4085, 0.5327, -0.2398, -0.7014];